m n it p pr pc t
4096 4096 2000 1 1 1 86.159
4096 4096 2000 2 1 2 43.122
4096 4096 2000 4 1 4 23.672
4096 4096 2000 8 1 8 14.337
4096 4096 2000 16 1 16 10.269
4096 4096 2000 32 1 32 11.061
4096 4096 2000 2 2 1 43.084
4096 4096 2000 4 2 2 23.413
4096 4096 2000 8 2 4 14.297
4096 4096 2000 16 2 8 10.680
4096 4096 2000 32 2 16 10.637
4096 4096 2000 4 4 1 23.378
4096 4096 2000 8 4 2 14.221
4096 4096 2000 16 4 4 11.684
4096 4096 2000 32 4 8 12.890
4096 4096 2000 8 8 1 14.994
4096 4096 2000 16 8 2 10.737
4096 4096 2000 32 8 4 11.922
4096 4096 2000 16 16 1 10.008
4096 4096 2000 32 16 2 10.908
4096 4096 2000 32 32 1 10.792
